单元五
数字电路基础
121
5. 1 F
脉冲与数字信号
121
5. 1. 1
数字信号及其应用
122
5. 1. 2
脉冲波形及主要参数
5. 2  类
124
数制与码制
5. 2. 1
124
常用数制与转换
125
5. 2. 2
码制与 8421BCD 编码
5. 3
127
逻辑代数与函数
127
5. 3. 1
逻辑运算
132
5. 3. 2
逻辑代数的基本定律
133
5. 3. 3
逻辑函数表达式及其化简
137
逻辑门电路
5. 4
137
5. 4. 1
逻辑门的基本知识
139
5. 4. 2
集成逻辑门电路
146
实训：测试门电路的逻辑功能
单元六
组合逻辑电路
6.1 组合逻辑电路的分析与设计
151
151
6. 1. 1
组合逻辑电路的分析
152
6. 1. 2
组合逻辑电路的设计
155
实训：设计与制作三人表决器
6.2 编码器
158
159
6. 2. 1
编码器的功能
159
6. 2. 2
集成编码器的典型产品
161
6. 3
译码显示电路
162
6. 3. 1
通用译码器
6. 3. 2
164
数码显示器件
6. 3. 3
165
显示译码器
169
实训：
搭接与测试显示译码器的应用电路
